[LEFT_CAM_2K]
fx=1399.5
fy=1399.5
cx=1168.65
cy=640.13
k1=-0.173127
k2=0.0247692
p1=0
p2=0
k3=0

[RIGHT_CAM_2K]
fx=1401.12
fy=1401.12
cx=1176.56
cy=683.206
k1=-0.173623
k2=0.0259224
p1=0
p2=0
k3=0

[LEFT_CAM_FHD]
fx=1399.5
fy=1399.5
cx=1024.65
cy=559.13
k1=-0.173127
k2=0.0247692
p1=0
p2=0
k3=0

[RIGHT_CAM_FHD]
fx=1401.12
fy=1401.12
cx=1032.56
cy=602.206
k1=-0.173623
k2=0.0259224
p1=0
p2=0
k3=0

[LEFT_CAM_HD]
fx=699.75
fy=699.75
cx=670.825
cy=368.065
k1=-0.173127
k2=0.0247692
p1=0
p2=0
k3=0

[RIGHT_CAM_HD]
fx=700.56
fy=700.56
cx=674.78
cy=389.603
k1=-0.173623
k2=0.0259224
p1=0
p2=0
k3=0

[LEFT_CAM_VGA]
fx=349.875
fy=349.875
cx=350.9125
cy=191.5325
k1=-0.173127
k2=0.0247692
p1=0
p2=0
k3=0

[RIGHT_CAM_VGA]
fx=350.28
fy=350.28
cx=352.89
cy=202.3015
k1=-0.173623
k2=0.0259224
p1=0
p2=0
k3=0

[STEREO]
Baseline=120
TY=0
TZ=0
CV_2K=0.00981173
CV_FHD=0.00981173
CV_HD=0.00981173
CV_VGA=0.00981173
RX_2K=-0.00269449
RX_FHD=-0.00269449
RX_HD=-0.00269449
RX_VGA=-0.00269449
RZ_2K=-0.000756596
RZ_FHD=-0.000756596
RZ_HD=-0.000756596
RZ_VGA=-0.000756596

[MISC]
Sensor_ID=0

